GetPostings
the
Postings list: 1035 1046 1056 1061 1136 1343 1371 1478 1582 1611 1615 1637 1646 1807 1814 1877 2084 2108 2219 2239 2320 2347 2385 2647 2653 2732 2794 3280 3289 3337 3346 3376 3426 3477 3503 3541 3572 3585 3586 3649 3661 3718 3734 3852 3912 3962 4066 4096 4106 4141 4456 4515 4582 4638 4658 4672 4708 4769 4776 4805 4817 4864 4936 5009 5120 5152 5248 5372 5418 5422 5507 5567 5587 5602 5742 5749 5799 5808 5862 5996 6126 6158 6168 6196 6223 6229 6258 6334 6347 6372 6394 6457 6495 6585 6649 6685 6709 6722 6758 6770 6835 6847 6850 6867 6882 6941 6942 6945 6987 7051 7151 7321 7355 7407 7453 7484 7502 7541 7563 7680 7754 7770 7775 7782 7913 7976 8076 8257 8439 8467 8539 8664 8700 8825 8866 8999 9017 9102 9125 9141 9191 9203 9216 9238 9353 9428 9527 9551 9554 9602 9628 9706 9795 9849 9855 9885 1078 1082 1143 1163 1352 1497 1523 1649 1739 1742 1889 1929 1937 2169 2200 2413 2430 2439 2503 2554 2594 2770 2906 2907 2944 2968 2969 2993 3034 3141 3190 3191 3192 3254 3324 3390 3537 3627 3639 3781 3841 3855 3916 3953 3967 3970 4006 4007 4009 4077 4115 4125 4281 4419 4471 4487 4615 4632 4735 4752 4754 4768 4785 4803 4816 4839 4884 4961 5200 5282 5301 5311 5454 5644 5840 6029 6138 6161 6210 6429 6493 6636 6676 6701 7078 7263 7319 7373 7430 7459 7534 7642 7701 7858 8334 8356 8449 8528 8675 8824 8892 9200 9270 9320 9635 9958
GetPostings
I
Postings list: 1035 1056 1343 1478 1611 1615 1637 1646 1807 1814 2084 2108 2219 2239 2246 2320 2347 2385 2647 2653 2732 2794 3073 3137 3280 3289 3337 3346 3376 3477 3503 3541 3572 3585 3586 3649 3661 3711 3718 3852 3912 3962 4066 4096 4106 4456 4515 4582 4638 4672 4694 4708 4769 4805 4817 4852 4864 4936 4995 5000 5009 5118 5120 5248 5342 5372 5418 5422 5427 5587 5602 5749 5799 5808 5862 5954 5996 6126 6158 6168 6196 6223 6229 6275 6394 6410 6457 6467 6495 6585 6685 6709 6722 6758 6770 6835 6847 6850 6867 6882 6941 6942 6945 7151 7172 7321 7407 7453 7473 7502 7541 7680 7754 7770 7775 7786 7913 7976 8076 8257 8664 8700 8825 8999 9017 9102 9125 9216 9238 9250 9353 9428 9462 9527 9554 9628 9706 9795 9849 9855 9885 1078 1082 1143 1155 1352 1497 1523 1739 1929 1937 2169 2200 2413 2439 2503 2554 2594 2890 2906 2944 2968 2993 3006 3141 3192 3324 3627 3639 3781 3855 3953 3967 3970 4115 4302 4328 4419 4471 4615 4632 4752 4754 4785 4803 4816 4884 4887 4961 5077 5200 5282 5301 5320 5341 5479 5564 5644 5654 6029 6138 6161 6210 6493 6659 7078 7319 7430 7459 7642 7701 7772 7858 8449 8528 8675 8892 9032 9201 9320 9481 9635 9802 9901 9958
DaatAnd
the I
Results: 1035 1056 1343 1478 1611 1615 1637 1646 1807 1814 2084 2108 2219 2239 2320 2347 2385 2647 2653 2732 2794 3280 3289 3337 3346 3376 3477 3503 3541 3572 3585 3586 3649 3661 3718 3852 3912 3962 4066 4096 4106 4456 4515 4582 4638 4672 4708 4769 4805 4817 4864 4936 5009 5120 5248 5372 5418 5422 5587 5602 5749 5799 5808 5862 5996 6126 6158 6168 6196 6223 6229 6394 6457 6495 6585 6685 6709 6722 6758 6770 6835 6847 6850 6867 6882 6941 6942 6945 7151 7321 7407 7453 7502 7541 7680 7754 7770 7775 7913 7976 8076 8257 8664 8700 8825 8999 9017 9102 9125 9216 9238 9353 9428 9527 9554 9628 9706 9795 9849 9855 9885 1078 1082 1143 1352 1497 1523 1739 1929 1937 2169 2200 2413 2439 2503 2554 2594 2906 2944 2968 2993 3141 3192 3324 3627 3639 3781 3855 3953 3967 3970 4115 4419 4471 4615 4632 4752 4754 4785 4803 4816 4884 4961 5200 5282 5301 5644 6029 6138 6161 6210 6493 7078 7319 7430 7459 7642 7701 7858 8449 8528 8675 8892 9320 9635 9958
Number of documents in results: 186
Number of comparisons: 301
TF-IDF
Results: 4471 7459 5282 5422 2169 3627 2944 9855 8825 1611 2647 4672 2503 4816 7453 7775 4754 6493 1937 8675 4638 2200 5799 3718 7319 7321 9320 7976 3962 1082 1523 9527 8664 7642 7754 9554 3953 4106 7858 3639 6945 9885 2413 5372 9017 3346 6847 7913 6223 6029 3337 7502 7701 8076 8700 8999 3661 7151 3781 9849 6722 4582 6850 7770 3289 3970 4515 5009 6394 6867 4884 6758 2594 2906 4785 4936 6942 8892 3855 1615 2653 2794 2439 2993 2968 3586 1078 9125 9216 4419 6126 6835 7407 3912 4115 4805 5749 1814 5602 9795 3477 4961 6229 2084 3376 3541 5301 6161 8528 6210 9958 6168 6882 1143 4864 2239 4615 4752 4632 1056 4708 2554 4096 3852 6158 5200 6585 3192 5587 4066 1637 6685 7541 1035 3280 6457 9353 1478 1646 6138 6495 6941 7430 1929 2108 5120 6770 3503 3141 3649 4769 3967 5248 9428 5644 5862 2320 2385 9102 3585 1343 5418 1807 4803 8257 1739 6196 3572 2219 7078 1497 2732 5996 7680 2347 9706 1352 6709 8449 5808 9238 4456 9635 9628 3324 4817
DaatOr
the I
Results: 1035 1046 1056 1061 1136 1343 1371 1478 1582 1611 1615 1637 1646 1807 1814 1877 2084 2108 2219 2239 2246 2320 2347 2385 2647 2653 2732 2794 3073 3137 3280 3289 3337 3346 3376 3426 3477 3503 3541 3572 3585 3586 3649 3661 3711 3718 3734 3852 3912 3962 4066 4096 4106 4141 4456 4515 4582 4638 4658 4672 4694 4708 4769 4776 4805 4817 4852 4864 4936 4995 5000 5009 5118 5120 5152 5248 5342 5372 5418 5422 5427 5507 5567 5587 5602 5742 5749 5799 5808 5862 5954 5996 6126 6158 6168 6196 6223 6229 6258 6275 6334 6347 6372 6394 6410 6457 6467 6495 6585 6649 6685 6709 6722 6758 6770 6835 6847 6850 6867 6882 6941 6942 6945 6987 7051 7151 7172 7321 7355 7407 7453 7473 7484 7502 7541 7563 7680 7754 7770 7775 7782 7786 7913 7976 8076 8257 8439 8467 8539 8664 8700 8825 8866 8999 9017 9102 9125 9141 9191 9203 9216 9238 9250 9353 9428 9462 9527 9551 9554 9602 9628 9706 9795 9849 9855 9885 1078 1082 1143 1155 1163 1352 1497 1523 1649 1739 1742 1889 1929 1937 2169 2200 2413 2430 2439 2503 2554 2594 2770 2890 2906 2907 2944 2968 2969 2993 3006 3034 3141 3190 3191 3192 3254 3324 3390 3537 3627 3639 3781 3841 3855 3916 3953 3967 3970 4006 4007 4009 4077 4115 4125 4281 4302 4328 4419 4471 4487 4615 4632 4735 4752 4754 4768 4785 4803 4816 4839 4884 4887 4961 5077 5200 5282 5301 5311 5320 5341 5454 5479 5564 5644 5654 5840 6029 6138 6161 6210 6429 6493 6636 6659 6676 6701 7078 7263 7319 7373 7430 7459 7534 7642 7701 7772 7858 8334 8356 8449 8528 8675 8824 8892 9032 9200 9201 9270 9320 9481 9635 9802 9901 9958
Number of documents in results: 301
Number of comparisons: 301
TF-IDF
Results: 4471 7459 9802 5282 5422 2169 3627 2944 5320 7772 9032 9855 8825 1611 3254 2647 4672 2503 5564 4816 7453 7775 3711 4754 6493 1937 5454 8675 4638 2200 5799 3718 7319 7321 9320 7976 3962 1082 4852 9201 3390 1523 9527 8664 4125 7484 7642 7754 9554 3953 4106 7858 3639 2430 6945 9885 2413 5372 9017 3346 6847 7913 6223 6029 3337 7502 7701 8076 4694 5118 8700 8999 1649 3537 6429 9551 3661 7151 3781 9849 6722 4582 6850 7770 3289 3970 4515 5009 6394 6867 5341 7786 4884 6758 2594 2906 4785 4936 6942 8892 2907 4077 3855 1155 4887 1615 2653 2794 2439 2993 2968 3586 1078 9125 9216 4419 6126 6835 7407 8866 3912 4115 4805 5749 5654 1814 5602 9795 3477 4961 6229 2084 3376 3541 5301 6161 8528 6210 9958 1061 3916 4839 5840 8356 6168 5342 6882 1143 4864 2239 4615 4752 2890 1163 6636 4632 1056 4708 2554 4096 2770 3734 4007 8334 9141 3852 6158 5200 6585 3192 5587 5507 4066 6467 1637 6685 7541 1035 3280 6457 9353 1478 1371 3426 4768 7355 8539 1646 4328 6138 6495 6941 7430 1929 2108 5120 6770 3190 3503 3141 3649 4769 3967 1136 1877 3034 6334 7373 5248 9428 1582 3191 7782 5644 5862 2320 2385 4776 9102 3585 1343 5418 4995 6659 1807 4803 8257 1739 6196 2246 3073 5000 7172 3572 4141 6258 7534 2219 7078 5427 1889 5311 6372 6676 7563 9191 9270 1497 2732 6275 9481 2969 5996 7680 5567 5742 2347 9706 5479 7473 1352 1046 5152 8467 6709 8449 1742 6987 8824 5808 9238 4456 5954 9635 4487 7051 7263 9203 4281 4302 5077 6410 9901 9628 6347 9200 3324 4817 9250 3841 4009 6649 8439 4006 4658 4735 6701 9602 3006 9462 3137

GetPostings
in
Postings list: 1035 1056 1343 1371 1478 1615 1646 1807 1814 2219 2320 2385 3280 3289 3376 3426 3572 3585 3586 3661 3718 3852 3912 4066 4141 4456 4638 4708 4769 4805 4995 5000 5009 5248 5342 5427 5507 5808 5954 5996 6158 6168 6196 6223 6229 6334 6372 6495 6709 6758 6835 6867 6882 6945 7151 7782 7786 8257 8439 8467 8866 9203 9238 9250 9353 9428 9462 9527 9706 1078 1352 1497 1937 2594 2993 3639 3841 3967 4006 4007 4009 4115 4281 4419 4487 4884 6029 6701 7701 8334 8824 8892 9320 9958
GetPostings
history.
Postings list: 1035 1056 1371 1646 3280 3503 3718 6196 6223 6334 6835 8467 8866 9527
DaatAnd
in history.
Results: 1035 1056 1371 1646 3280 3718 6196 6223 6334 6835 8467 8866 9527
Number of documents in results: 13
Number of comparisons: 69
TF-IDF
Results: 6334 8866 6835 9527 8467 1035 3280 3718 1371 6196 1056 1646 6223
DaatOr
in history.
Results: 1035 1056 1343 1371 1478 1615 1646 1807 1814 2219 2320 2385 3280 3289 3376 3426 3503 3572 3585 3586 3661 3718 3852 3912 4066 4141 4456 4638 4708 4769 4805 4995 5000 5009 5248 5342 5427 5507 5808 5954 5996 6158 6168 6196 6223 6229 6334 6372 6495 6709 6758 6835 6867 6882 6945 7151 7782 7786 8257 8439 8467 8866 9203 9238 9250 9353 9428 9462 9527 9706 1078 1352 1497 1937 2594 2993 3639 3841 3967 4006 4007 4009 4115 4281 4419 4487 4884 6029 6701 7701 8334 8824 8892 9320 9958
Number of documents in results: 95
Number of comparisons: 69
TF-IDF
Results: 6334 8866 6835 9527 8467 1035 3280 3718 1371 6196 1056 1646 6223 3503 6701 9320 5996 9706 9462 6158 5248 9428 2320 4769 3912 1343 4007 8334 4066 6945 9250 7782 4141 5808 7701 3585 2219 3289 5009 6372 6867 8892 2594 4419 4995 1078 5000 1814 5507 3426 3661 5342 6709 7151 9353 4456 4487 6495 9203 4281 1937 4805 6758 7786 1807 4115 8257 9958 3841 5954 3639 4009 6029 1497 1478 8439 4006 5427 4884 1352 3586 8824 2385 2993 4638 6882 4708 6168 9238 3852 3572 1615 3376 6229 3967
